0,0,133
0,1,124
0,2,124
0,3,124
0,4,124
0,5,124
0,6,124
0,7,124
0,8,124
0,9,84
0,9,124
0,10,84
0,10,124
0,11,84
0,11,124
0,12,84
0,12,124
0,12,124
0,13,84
0,13,124
0,13,124
0,14,84
0,14,124
0,15,84
0,15,124
0,16,84
0,16,124
0,17,84
0,17,124
0,18,84
0,18,124
0,19,84
0,19,124
1,9,86
1,9,86
1,10,84
1,11,65
1,11,65
1,12,84
1,12,84
1,13,84
1,13,84
1,13,3
1,13,3
1,13,1
1,13,68
1,14,65
1,15,84
1,16,9
1,17,65
1,18,84
1,18,77
1,19,75
2,9,86
2,10,65
2,11,36
2,11,65
2,12,84
2,12,36
2,13,84
2,13,3
2,13,1
2,13,68
2,14,48
2,14,849
2,15,48
2,15,202
2,15,202
2,15,849
2,16,48
2,16,849
2,16,849
2,17,36
2,17,65
2,17,65
2,18,9
2,19,74
3,9,86
3,10,36
3,10,65
3,11,84
3,11,36
3,11,36
3,11,36
3,11,36
3,12,84
3,12,36
3,13,84
3,13,3
3,13,1
3,13,68
3,14,48
3,14,337
3,15,48
3,15,202
3,15,337
3,16,48
3,16,337
3,16,337
3,17,36
3,17,65
3,18,9
3,18,65
3,19,84
4,9,86
4,10,66
4,11,84
4,11,36
4,11,36
4,12,84
4,13,84
4,13,3
4,13,1
4,13,68
4,14,36
4,15,84
4,16,36
4,16,77
4,17,36
4,18,84
4,19,4
5,9,66
5,9,86
5,10,36
5,10,66
5,11,84
5,11,36
5,11,36
5,12,84
5,13,84
5,13,31
5,13,3
5,13,1
5,13,68
5,14,340
5,15,37
5,16,37
5,16,66
5,17,37
5,17,37
5,17,37
5,17,36
5,17,36
5,17,66
5,18,37
5,18,65
5,19,37
6,9,66
6,9,86
6,10,36
6,10,66
6,11,84
6,11,36
6,11,66
6,11,66
6,12,84
6,13,3
6,13,1
6,13,1
6,13,68
6,14,6656
6,14,6656
6,14,84
6,14,84
6,14,84
6,14,37
6,15,84
6,15,84
6,15,84
6,15,37
6,15,37
6,15,66
6,16,84
6,16,84
6,16,37
6,17,84
6,17,37
6,17,36
6,18,84
6,18,36
6,18,65
6,19,65
6,19,65
7,9,66
7,9,86
7,10,66
7,11,84
7,11,84
7,11,37
7,11,37
7,12,84
7,13,1
7,13,1
7,13,68
7,14,2815
7,14,37
7,14,88
7,14,88
7,15,37
7,15,66
7,15,88
7,15,88
7,16,36
7,16,88
7,16,88
7,17,36
7,17,88
7,17,88
7,18,36
7,18,88
7,19,88
8,9,86
8,9,84
8,9,84
8,9,86
8,9,86
8,10,37
8,10,84
8,11,84
8,11,84
8,11,84
8,11,37
8,12,84
8,13,1
8,13,68
9,9,86
9,10,84
9,11,84
9,11,84
9,12,84
9,13,1
9,13,68
9,13,68
10,9,87
10,10,78
10,10,78
10,11,78
10,12,78
10,13,69
11,9,36
11,10,36
11,11,35
11,12,1
11,12,1
12,9,36
12,9,36
12,9,36
12,10,36
12,10,36
12,11,36
12,11,36
12,12,1
13,9,36
13,9,36
13,9,36
13,9,36
13,10,36
13,10,36
13,10,36
13,10,155
13,11,36
13,12,1
14,9,36
14,9,36
14,9,9
14,9,155
14,10,36
14,10,36
14,10,9
14,10,9
14,10,155
14,10,155
14,10,155
14,10,155
14,10,74
14,10,74
14,11,36
14,11,9
14,11,155
14,11,74
14,12,1
15,9,156
15,9,155
15,9,36
15,10,156
15,10,155
15,10,36
15,11,156
15,11,36
15,11,36
15,12,168
15,12,146
15,13,4116
16,9,156
16,9,36
16,9,155
16,10,156
16,10,36
16,11,156
16,11,156
16,11,156
16,12,168
16,12,146
16,12,146
17,9,156
17,10,156
17,10,155
17,10,36
17,10,36
17,11,156
17,11,155
17,11,155
17,12,168
17,12,146
18,9,156
18,10,181
18,11,172
18,12,168
18,12,146
18,13,76
18,14,76
18,15,76
18,16,76
18,17,67
19,9,156
19,9,156
19,9,155
19,9,155
19,10,182
19,11,173
19,12,168
19,12,168
19,12,146
19,13,75
19,14,75
19,15,66
19,16,66
19,17,68
20,9,156
20,9,155
20,10,156
20,10,155
20,11,156
20,11,156
20,12,168
20,12,168
20,12,146
20,13,44
20,14,75
20,15,75
20,16,44
20,17,68
21,9,156
21,10,156
21,11,155
21,12,168
21,12,146
21,13,44
21,14,44
21,15,75
21,16,44
21,17,68
22,9,156
22,10,155
22,11,173
22,11,156
22,11,156
22,12,146
22,13,74
22,14,74
22,15,74
22,16,74
22,17,68
23,9,156
23,10,155
23,11,173
23,11,156
23,12,146
23,13,104
23,14,104
23,15,74
23,16,104
23,17,327
23,18,67
24,9,156
24,10,155
24,11,173
24,11,156
24,12,146
24,13,127
24,13,2385
24,14,127
24,14,2385
24,15,127
24,15,2385
24,15,2385
24,16,127
24,17,104
24,18,68
25,9,156
25,10,156
25,11,156
25,12,146
25,13,155
25,14,155
25,14,2248
25,15,155
25,16,127
25,17,104
25,18,68
26,9,157
26,9,155
26,10,155
26,11,157
26,11,155
26,11,155
26,11,156
26,11,156
26,12,148
26,12,146
26,12,146
26,13,127
26,13,2897
26,14,127
26,14,2897
26,15,127
26,15,2897
26,15,2897
26,16,127
26,17,104
26,18,68
27,9,155
27,9,156
27,10,155
27,10,156
27,11,155
27,11,155
27,11,156
27,12,146
27,13,74
27,14,104
27,15,74
27,16,74
27,17,104
27,18,68
28,9,155
28,9,156
28,10,155
28,10,156
28,11,155
28,11,155
28,12,146
28,13,588
28,14,588
28,15,588
28,16,588
28,17,76
28,18,323
29,9,156
29,10,155
29,11,155
29,12,146
30,9,156
30,10,155
30,11,155
30,12,146
31,9,156
31,10,155
31,11,155
31,12,146
32,9,156
32,10,156
32,11,155
32,12,146
33,9,156
33,10,156
33,11,155
33,12,146
34,9,156
34,10,156
34,11,155
34,12,146
35,9,156
35,10,156
35,11,156
35,12,146
36,9,157
36,10,157
36,11,157
36,12,146
