0,0,86
0,1,85
0,1,88
0,2,76
0,2,88
0,3,76
0,3,88
0,4,76
0,4,88
0,5,76
0,5,88
0,6,76
0,6,88
0,7,76
0,7,88
0,8,76
0,8,88
0,9,76
0,9,88
0,10,76
0,10,88
0,10,88
0,11,118
0,12,118
0,13,118
0,14,118
0,15,118
1,0,86
1,1,88
1,2,116
1,3,89
1,4,89
1,5,12
1,6,12
1,7,86
1,8,36
1,9,36
1,10,36
1,11,36
1,12,89
1,13,36
1,14,36
1,15,118
2,0,86
2,1,88
2,2,44
2,3,116
2,4,44
2,5,36
2,6,36
2,7,86
2,8,36
2,9,110
2,10,110
2,11,36
2,12,40
2,13,36
2,14,36
2,15,118
3,0,86
3,1,88
3,2,65
3,3,44
3,4,116
3,5,4104
3,6,12
3,7,86
3,8,36
3,9,110
3,10,110
3,11,36
3,12,36
3,13,44
3,14,44
3,15,118
4,0,86
4,1,88
4,2,44
4,3,36
4,4,36
4,5,116
4,6,12
4,7,86
4,8,36
4,9,110
4,10,71
4,11,36
4,12,36
4,13,36
4,14,44
4,15,118
5,0,86
5,1,88
5,2,36
5,3,110
5,4,35
5,5,38
5,6,116
5,7,86
5,8,36
5,9,36
5,10,71
5,11,36
5,12,71
5,12,4
5,12,35
5,13,44
5,14,44
5,15,118
6,0,86
6,1,88
6,2,36
6,3,36
6,4,35
6,5,116
6,6,12
6,7,86
6,8,71
6,9,36
6,10,71
6,11,36
6,12,36
6,13,36
6,13,4
6,13,36
6,13,36
6,14,36
6,15,118
7,0,86
7,1,88
7,2,38
7,3,35
7,4,116
7,5,36
7,6,110
7,7,86
7,8,36
7,9,110
7,10,71
7,11,68
7,12,5
7,12,133
7,13,36
7,13,36
7,13,36
7,13,36
7,13,36
7,13,36
7,13,124
7,14,36
7,14,4
7,14,36
7,14,207
7,15,118
8,0,86
8,1,88
8,2,4104
8,3,116
8,4,4104
8,5,36
8,6,12
8,7,86
8,8,36
8,9,36
8,10,71
8,11,110
8,12,36
8,13,36
8,13,4
8,13,36
8,14,36
8,14,218
8,14,218
8,15,118
9,0,86
9,1,88
9,2,116
9,3,36
9,4,110
9,5,4104
9,6,35
9,7,86
9,8,36
9,9,189
9,10,36
9,10,4
9,10,36
9,10,35
9,10,37
9,10,37
9,11,36
9,11,35
9,11,35
9,11,37
9,11,37
9,12,36
9,12,4
9,12,35
9,12,35
9,13,36
9,14,36
9,14,208
9,15,118
10,0,86
10,1,88
10,2,36
10,3,116
10,4,36
10,5,36
10,6,35
10,7,86
10,8,36
10,9,36
10,9,4
10,10,36
10,10,36
10,10,37
10,10,37
10,10,37
10,10,37
10,11,36
10,11,4
10,11,35
10,11,35
10,11,35
10,11,35
10,11,35
10,11,37
10,11,37
10,11,37
10,12,36
10,12,35
10,12,35
10,12,37
10,12,221
10,13,36
10,13,1232
10,13,1232
10,13,4
10,13,739
10,14,36
10,14,1489
10,15,118
11,0,86
11,1,88
11,2,44
11,3,36
11,4,116
11,5,36
11,6,35
11,7,86
11,8,36
11,8,4
11,9,36
11,10,36
11,10,4
11,10,35
11,11,44
11,12,44
11,12,4
11,13,44
11,13,1232
11,14,36
11,15,118
12,0,86
12,1,88
12,2,36
12,3,4
12,4,44
12,5,116
12,6,36
12,7,86
12,8,71
12,9,36
12,9,4
12,9,37
12,10,36
12,11,44
12,11,4
12,11,35
12,12,36
12,13,44
12,13,1232
12,14,36
12,14,4
12,14,4
12,15,118
13,0,86
13,1,88
13,2,44
13,3,44
13,4,110
13,5,44
13,6,74
13,6,116
13,7,86
13,8,2124
13,9,2124
13,10,67
13,11,44
13,12,36
13,13,44
13,13,1232
13,14,36
13,15,118
14,0,86
14,1,88
14,2,110
14,3,36
14,4,36
14,5,116
14,6,36
14,7,86
14,8,78
14,9,78
14,10,69
14,11,44
14,12,44
14,13,44
14,13,1232
14,14,36
14,15,118
15,0,86
15,1,88
15,2,36
15,3,44
15,4,116
15,5,36
15,6,36
15,7,86
15,8,36
15,9,44
15,10,36
15,11,36
15,12,36
15,13,71
15,13,1232
15,14,71
15,15,118
16,0,86
16,1,88
16,2,36
16,3,116
16,4,36
16,5,110
16,6,36
16,7,86
16,8,89
16,9,44
16,10,330
16,11,44
16,12,36
16,13,36
16,13,1232
16,14,36
16,15,118
17,0,86
17,1,88
17,2,74
17,2,116
17,3,36
17,4,44
17,5,36
17,6,44
17,7,86
17,8,36
17,8,89
17,8,89
17,8,4100
17,9,37
17,9,89
17,10,330
17,11,36
17,12,71
17,13,71
17,13,1232
17,14,36
17,15,118
18,0,86
18,1,88
18,2,44
18,3,116
18,4,4108
18,5,4108
18,5,46
18,6,4108
18,7,86
18,8,37
18,8,89
18,8,5124
18,9,37
18,9,89
18,9,89
18,10,37
18,11,36
18,12,37
18,13,36
18,13,1232
18,14,36
18,15,118
19,0,86
19,1,88
19,2,44
19,3,109
19,3,36
19,4,116
19,5,44
19,6,109
19,6,28
19,6,38
19,7,86
19,8,37
19,8,89
19,8,89
19,8,89
19,8,89
19,8,89
19,8,89
19,9,37
19,9,89
19,9,89
19,10,37
19,11,66
19,12,37
19,12,221
19,13,89
19,13,1232
19,13,1251
19,13,211
19,14,9
19,14,1239
19,15,118
20,0,86
20,1,88
20,2,109
20,2,36
20,2,36
20,3,44
20,4,109
20,4,36
20,4,36
20,5,116
20,5,36
20,5,116
20,6,110
20,7,86
20,8,37
20,9,37
20,9,89
20,10,37
20,11,9
20,12,9
20,13,9
20,13,1232
20,14,9
20,15,118
21,0,86
21,1,88
21,2,65
21,2,218
21,3,109
21,3,44
21,3,44
21,4,109
21,4,44
21,4,36
21,5,109
21,5,36
21,5,36
21,6,116
21,7,86
21,8,37
21,9,37
21,10,9
21,11,9
21,12,9
21,13,9
21,13,1232
21,14,9
21,15,118
22,0,86
22,1,88
22,2,109
22,2,44
22,2,465
22,3,109
22,3,36
22,3,732
22,3,732
22,4,109
22,4,36
22,4,986
22,4,986
22,5,116
22,5,986
22,6,109
22,6,9
22,6,9
22,6,207
22,7,86
22,8,37
22,8,89
22,8,89
22,9,37
22,10,9
22,11,9
22,12,9
22,13,89
22,13,1232
22,14,9
22,15,118
23,0,86
23,1,88
23,2,110
23,3,109
23,3,36
23,4,116
23,5,109
23,5,36
23,6,109
23,6,9
23,6,9
23,6,1240
23,6,1242
23,6,1242
23,7,86
23,8,37
23,9,37
23,10,9
23,11,9
23,12,9
23,13,89
23,13,1232
23,14,9
23,15,118
24,0,86
24,1,88
24,2,109
24,2,36
24,3,116
24,4,44
24,5,109
24,5,46
24,5,46
24,6,109
24,6,9
24,6,9
24,6,1242
24,7,86
24,8,9
24,9,9
24,10,9
24,11,9
24,12,9
24,13,9
24,13,224
24,13,224
24,14,17
24,15,118
25,0,86
25,1,88
25,2,74
25,2,116
25,3,75
25,4,9
25,5,75
25,6,75
25,6,208
25,7,86
25,8,5
25,9,5
25,10,9
25,11,9
25,12,9
25,13,9
25,13,224
25,14,5
25,15,118
26,0,86
26,1,88
26,2,75
26,3,74
26,3,116
26,4,74
26,4,229
26,4,474
26,4,732
26,5,9
26,5,1751
26,6,75
26,6,1242
26,6,1507
26,6,211
26,7,86
26,8,5
26,9,5
26,10,1090
26,11,1090
26,12,44
26,13,44
26,13,224
26,14,44
26,15,118
27,0,86
27,1,88
27,2,9
27,3,75
27,4,75
27,4,116
27,5,75
27,5,89
27,5,89
27,6,9
27,6,1242
27,6,208
27,7,86
27,8,849
27,9,200
27,9,200
27,9,849
27,10,849
27,10,849
27,11,44
27,12,44
27,13,44
27,13,224
27,14,44
27,15,118
28,0,86
28,1,88
28,2,9
28,3,75
28,4,65
28,5,75
28,5,89
28,5,116
28,6,134
28,6,218
28,7,86
28,8,337
28,9,200
28,9,337
28,10,337
28,10,337
28,11,37
28,12,17
28,13,44
28,13,1242
28,13,1242
28,13,224
28,14,37
28,15,118
29,0,86
29,1,88
29,2,75
29,3,74
29,4,75
29,4,65
29,4,110
29,4,99
29,5,75
29,5,89
29,6,75
29,6,1242
29,6,116
29,6,216
29,6,218
29,7,70
29,8,44
29,9,17
29,9,37
29,9,37
29,10,17
29,10,37
29,10,37
29,11,17
29,12,17
29,13,44
29,13,1242
29,13,224
29,14,37
29,15,118
30,0,86
30,1,88
30,2,75
30,3,9
30,4,65
30,4,111
30,5,75
30,5,89
30,5,116
30,6,75
30,6,1242
30,7,70
30,8,44
30,9,17
30,9,37
30,10,44
30,11,44
30,12,44
30,13,44
30,13,1242
30,13,224
30,14,37
30,15,118
31,0,86
31,1,88
31,2,75
31,2,80
31,3,9
31,4,65
31,4,65
31,4,116
31,5,75
31,5,89
31,6,75
31,6,1242
31,7,70
31,8,44
31,9,17
31,10,17
31,10,37
31,10,37
31,11,4104
31,12,4104
31,13,37
31,13,224
31,14,37
31,15,118
32,0,86
32,1,88
32,2,44
32,3,9
32,3,116
32,4,9
32,5,110
32,6,75
32,6,1242
32,7,70
32,8,44
32,9,4104
32,10,44
32,10,37
32,11,37
32,12,37
32,13,44
32,13,224
32,14,44
32,15,118
33,0,86
33,1,88
33,2,75
33,2,80
33,2,89
33,2,116
33,3,75
33,4,9
33,5,75
33,5,89
33,6,75
33,6,1242
33,7,70
33,8,44
33,9,44
33,10,44
33,11,44
33,12,44
33,13,44
33,13,224
33,14,44
33,15,118
34,0,86
34,1,88
34,2,75
34,2,80
34,2,89
34,2,89
34,3,75
34,3,116
34,4,75
34,5,75
34,6,75
34,6,1242
34,7,70
34,8,44
34,9,12
34,10,44
34,11,35
34,12,35
34,13,44
34,13,224
34,14,12
34,15,118
35,0,86
35,1,88
35,2,75
35,2,80
35,3,75
35,4,75
35,4,116
35,5,44
35,6,75
35,6,78
35,6,78
35,6,1242
35,7,70
35,8,44
35,9,12
35,10,44
35,10,37
35,10,37
35,10,37
35,11,35
35,11,37
35,12,35
35,12,37
35,13,12
35,13,37
35,13,224
35,14,44
35,15,118
36,0,86
36,1,88
36,2,75
36,2,80
36,3,74
36,4,74
36,5,44
36,5,116
36,6,75
36,6,1242
36,7,70
36,8,44
36,9,12
36,9,37
36,10,12
36,10,37
36,10,37
36,11,35
36,12,35
36,13,35
36,13,37
36,13,224
36,14,44
36,15,118
37,0,86
37,1,88
37,2,9
37,3,74
37,4,74
37,5,75
37,5,78
37,5,89
37,5,89
37,6,75
37,6,116
37,7,70
37,8,44
37,9,44
37,9,37
37,9,37
37,9,37
37,10,44
37,10,37
37,11,35
37,12,35
37,13,35
37,13,37
37,13,224
37,14,35
37,15,118
38,0,86
38,1,88
38,2,9
38,3,75
38,4,75
38,5,75
38,5,78
38,5,78
38,5,89
38,5,116
38,6,75
38,7,70
38,8,44
38,9,44
38,9,37
38,10,35
38,11,35
38,12,44
38,12,37
38,12,37
38,13,35
38,13,37
38,13,224
38,14,35
38,15,118
39,0,86
39,1,88
39,2,75
39,3,75
39,3,89
39,3,89
39,4,75
39,4,116
39,5,75
39,5,78
39,5,89
39,5,89
39,6,75
39,7,70
39,8,44
39,9,44
39,9,37
39,10,44
39,11,35
39,11,1743
39,12,44
39,12,1759
39,13,35
39,13,37
39,13,37
39,13,224
39,13,224
39,14,44
39,15,118
40,0,86
40,1,88
40,2,9
40,3,75
40,3,116
40,4,75
40,5,75
40,5,78
40,6,44
40,7,70
40,8,12
40,9,12
40,9,37
40,10,44
40,10,37
40,11,35
40,11,1501
40,11,1752
40,12,35
40,12,1754
40,12,2014
40,13,35
40,13,224
40,14,44
40,15,118
41,0,86
41,1,88
41,2,75
41,2,116
41,3,75
41,4,75
41,5,44
41,6,36
41,7,70
41,8,44
41,9,44
41,10,12
41,10,37
41,11,35
41,11,216
41,11,2264
41,11,2264
41,12,35
41,13,44
41,13,224
41,14,44
41,15,118
42,0,86
42,1,88
42,2,75
42,3,75
42,3,116
42,4,9
42,5,75
42,6,36
42,7,70
42,8,37
42,9,37
42,10,39
42,11,39
42,11,37
42,11,216
42,11,2264
42,12,39
42,12,37
42,13,39
42,13,37
42,13,224
42,14,39
42,14,37
42,14,37
42,15,118
43,0,86
43,1,88
43,2,75
43,3,75
43,3,89
43,4,75
43,4,89
43,4,116
43,5,75
43,5,89
43,5,89
43,6,75
43,7,70
43,8,849
43,9,849
43,10,849
43,11,34
43,11,216
43,11,2264
43,12,34
43,13,34
43,13,224
43,14,34
43,15,118
44,0,86
44,1,88
44,2,75
44,2,78
44,2,78
44,3,75
44,4,75
44,5,75
44,5,116
44,6,36
44,7,70
44,8,337
44,9,337
44,10,337
44,11,35
44,11,216
44,11,2264
44,12,35
44,13,35
44,13,224
44,14,34
44,15,118
45,0,86
45,1,88
45,2,75
45,3,75
45,4,44
45,5,75
45,6,75
45,6,116
45,7,2231
45,8,37
45,9,35
45,9,4868
45,10,35
45,10,37
45,10,37
45,11,34
45,11,37
45,11,37
45,11,216
45,11,216
45,11,2264
45,12,35
45,13,35
45,13,224
45,14,35
45,15,118
46,0,86
46,1,88
46,2,110
46,2,239
46,2,239
46,3,44
46,3,239
46,4,9
46,4,239
46,5,75
46,5,116
46,5,239
46,6,75
46,6,239
46,6,239
46,7,2231
46,8,37
46,8,239
46,8,239
46,9,34
46,9,37
46,9,239
46,10,34
46,10,37
46,10,239
46,11,34
46,11,37
46,11,219
46,11,239
46,11,1747
46,12,40
46,12,207
46,12,239
46,12,1759
46,13,34
46,13,224
46,13,239
46,13,239
46,13,224
46,14,34
46,14,239
46,15,118
47,0,86
47,1,88
47,2,74
47,3,9
47,4,37
47,4,116
47,5,44
47,6,44
47,7,2231
47,8,40
47,9,34
47,9,37
47,9,37
47,10,34
47,10,37
47,10,1246
47,11,34
47,11,37
47,11,37
47,11,1231
47,12,34
47,12,37
47,12,37
47,12,208
47,13,34
47,13,224
47,14,65
47,15,118
48,0,86
48,1,88
48,2,44
48,2,4098
48,3,9
48,3,116
48,4,75
48,5,74
48,5,244
48,6,75
48,7,2231
48,8,40
48,9,110
48,10,34
48,10,37
48,10,37
48,11,34
48,11,37
48,11,37
48,11,37
48,11,244
48,12,34
48,12,37
48,12,37
48,12,216
48,13,34
48,13,224
48,14,65
48,15,118
49,0,86
49,1,88
49,2,9
49,2,116
49,2,4096
49,2,4096
49,3,9
49,3,255
49,4,37
49,5,44
49,6,36
49,7,2231
49,8,40
49,9,110
49,10,34
49,11,40
49,11,37
49,11,37
49,11,37
49,12,34
49,12,37
49,12,216
49,13,34
49,13,37
49,13,224
49,14,65
49,14,37
49,15,118
50,0,86
50,1,88
50,2,9
50,2,4096
50,2,4610
50,3,75
50,3,116
50,3,4096
50,3,4098
50,4,75
50,4,78
50,4,1134
50,4,1134
50,4,244
50,5,75
50,5,1134
50,6,44
50,7,2231
50,8,110
50,8,37
50,8,179
50,9,110
50,9,244
50,10,34
50,10,223
50,11,40
50,11,37
50,11,37
50,11,222
50,12,34
50,12,37
50,12,211
50,13,34
50,13,224
50,14,41
50,15,118
51,0,86
51,1,88
51,2,44
51,2,244
51,2,4096
51,3,75
51,3,4097
51,4,65
51,4,116
51,5,74
51,6,75
51,7,2231
51,8,40
51,8,37
51,8,179
51,9,110
51,10,34
51,10,209
51,11,34
51,12,34
51,12,37
51,12,230
51,12,224
51,13,110
51,13,224
51,14,554
51,15,118
52,0,86
52,1,88
52,2,44
52,2,4096
52,2,4098
52,3,75
52,4,75
52,5,75
52,5,116
52,6,37
52,7,2231
52,8,40
52,9,40
52,9,37
52,10,34
52,10,37
52,11,110
52,12,110
52,12,230
52,13,811
52,13,208
52,14,118
52,15,118
53,0,86
53,1,88
53,2,9
53,3,9
53,4,37
53,4,244
53,5,75
53,6,75
53,6,116
53,7,2231
53,8,40
53,9,40
53,9,1573
53,9,1573
53,10,40
53,10,37
53,10,244
53,11,40
53,11,37
53,12,40
53,12,225
53,13,209
53,13,209
53,14,118
54,0,120
54,1,118
54,2,118
54,3,118
54,4,118
54,5,118
54,6,118
54,7,118
54,8,118
54,9,118
54,10,118
54,11,118
54,12,118
54,13,118
54,14,118
