0,6,155
0,6,155
0,7,156
0,8,156
0,9,156
0,10,37
0,11,37
0,12,9
0,13,1
0,13,138
0,13,138
0,14,45
0,15,45
0,16,74
0,17,66
0,18,66
0,19,136
1,6,155
1,6,155
1,7,156
1,8,156
1,9,66
1,10,66
1,11,74
1,12,9
1,13,1
1,13,138
1,14,45
1,15,66
1,16,74
1,17,66
1,18,66
1,19,136
2,6,155
2,7,156
2,8,155
2,8,156
2,8,156
2,8,45
2,8,45
2,9,37
2,9,156
2,10,74
2,11,74
2,12,9
2,13,1
2,13,138
2,14,66
2,15,66
2,16,74
2,17,74
2,18,66
2,19,136
3,6,155
3,7,156
3,8,156
3,9,74
3,10,74
3,11,66
3,12,66
3,13,1
3,13,138
3,14,66
3,15,66
3,16,74
3,17,74
3,18,66
3,19,136
4,6,155
4,7,156
4,8,156
4,8,156
4,8,156
4,8,155
4,8,37
4,8,37
4,9,37
4,10,37
4,11,66
4,12,66
4,13,1
4,13,138
4,14,45
4,15,66
4,16,74
4,17,66
4,18,65
4,19,136
5,6,155
5,7,156
5,8,156
5,8,155
5,8,37
5,9,45
5,9,45
5,9,45
5,9,156
5,9,156
5,10,45
5,11,74
5,12,36
5,13,1
5,13,138
5,14,45
5,15,66
5,16,66
5,17,66
5,18,36
5,19,136
6,6,155
6,6,155
6,6,155
6,7,156
6,8,156
6,8,45
6,8,155
6,9,66
6,9,156
6,10,74
6,11,74
6,12,37
6,13,1
6,13,138
6,14,45
6,15,45
6,16,45
6,17,37
6,18,36
6,19,136
7,6,156
7,6,155
7,6,155
7,7,156
7,8,156
7,8,45
7,8,156
7,8,156
7,8,155
7,8,66
7,9,66
7,9,156
7,10,37
7,11,45
7,12,45
7,13,1
7,13,138
7,14,45
7,15,45
7,16,45
7,17,36
7,18,36
7,19,136
8,6,156
8,6,155
8,7,156
8,7,45
8,7,155
8,8,156
8,8,45
8,8,155
8,8,155
8,8,156
8,8,66
8,8,66
8,9,66
8,9,155
8,9,156
8,9,156
8,10,66
8,11,37
8,12,37
8,13,1
8,13,138
8,13,138
8,14,45
8,15,45
8,16,45
8,17,36
8,18,65
8,19,136
9,6,155
9,7,156
9,7,37
9,7,155
9,7,156
9,7,156
9,7,156
9,8,156
9,8,37
9,8,155
9,8,156
9,9,156
9,9,37
9,9,37
9,9,155
9,9,66
9,10,37
9,11,74
9,12,74
9,13,1
9,13,139
9,14,37
9,15,37
9,16,65
9,17,65
9,18,65
9,19,136
10,6,155
10,7,37
10,7,155
10,7,156
10,7,156
10,7,155
10,7,155
10,8,37
10,8,37
10,8,156
10,8,156
10,8,155
10,9,37
10,9,155
10,9,66
10,9,66
10,10,37
10,11,37
10,11,45
10,11,45
10,12,74
10,13,2
10,14,37
10,15,37
10,16,65
10,17,65
10,18,45
10,19,136
11,6,155
11,7,156
11,8,37
11,8,37
11,8,156
11,8,37
11,8,37
11,9,37
11,9,37
11,10,37
11,11,37
11,11,45
11,12,1
11,13,37
11,14,37
11,15,37
11,16,65
11,17,136
11,18,136
12,6,155
12,7,155
12,7,156
12,7,156
12,8,37
12,8,155
12,8,155
12,9,37
12,10,37
12,11,37
12,11,37
12,12,1
12,13,37
12,14,37
12,15,37
12,16,136
13,6,155
13,7,156
13,8,155
13,8,37
13,8,10
13,9,155
13,9,37
13,9,37
13,9,10
13,10,155
13,10,156
13,10,156
13,10,37
13,10,10
13,11,156
13,11,180
13,11,189
13,11,189
13,11,156
13,11,37
13,11,10
13,12,2
13,12,2
13,13,136
13,14,136
13,15,136
13,16,136
14,6,155
14,6,155
14,6,155
14,7,155
14,8,155
14,8,155
14,8,155
14,9,155
14,10,155
14,10,155
14,10,156
14,10,156
14,11,147
14,11,147
15,6,155
15,6,155
15,7,155
15,7,156
15,8,155
15,8,155
15,8,156
15,9,155
15,10,155
15,10,156
15,11,147
16,6,155
16,7,155
16,7,155
16,8,155
16,8,155
16,8,156
16,9,155
16,9,156
16,10,155
16,11,147
17,6,155
17,6,155
17,7,155
17,7,155
17,7,155
17,8,155
17,9,155
17,9,156
17,9,156
17,10,155
17,10,155
17,11,147
17,11,147
18,6,155
18,7,155
18,7,155
18,8,156
18,8,156
18,8,155
18,9,156
18,10,156
18,11,147
18,11,147
19,6,155
19,7,155
19,8,155
19,9,156
19,10,156
19,10,156
19,11,147
19,11,147
20,6,155
20,6,155
20,6,155
20,7,156
20,8,156
20,9,155
20,9,155
20,10,156
20,10,156
20,11,147
20,11,147
21,6,155
21,6,155
21,7,156
21,7,155
21,7,155
21,8,156
21,8,156
21,9,155
21,10,156
21,11,147
22,6,155
22,7,156
22,7,155
22,8,156
22,8,156
22,9,155
22,10,156
22,11,147
22,12,133
22,12,66
22,12,66
22,12,76
22,12,76
22,13,124
22,13,124
22,13,66
22,13,76
22,14,124
22,14,66
22,14,76
22,15,124
22,15,66
22,15,84
22,15,84
22,15,76
22,16,124
22,16,66
22,16,76
22,17,67
22,18,88
23,6,155
23,7,155
23,8,156
23,8,156
23,9,155
23,10,156
23,10,156
23,11,147
23,11,147
23,12,99
23,13,77
23,14,84
23,15,84
23,16,84
23,17,68
23,18,88
24,6,155
24,7,155
24,8,156
24,8,155
24,9,155
24,9,156
24,10,156
24,10,155
24,10,156
24,10,156
24,11,147
24,12,77
24,12,77
24,13,99
24,14,77
24,14,77
24,15,89
24,16,84
24,16,84
24,17,68
24,17,68
24,17,68
24,18,88
25,6,155
25,7,155
25,8,155
25,9,155
25,9,155
25,9,155
25,10,156
25,10,155
25,11,147
25,11,147
25,11,147
25,12,77
25,13,89
25,13,89
25,14,84
25,14,84
25,14,84
25,14,89
25,14,77
25,15,99
25,16,84
25,17,68
25,18,88
26,7,155
26,8,155
26,8,155
26,8,155
26,9,155
26,9,155
26,9,155
26,9,155
26,10,155
26,11,147
26,12,365
26,12,849
26,13,84
26,13,84
26,13,365
26,13,202
26,13,849
26,13,849
26,14,365
26,14,365
26,14,849
26,14,849
26,15,99
26,16,84
26,17,68
26,18,88
27,7,155
27,8,155
27,8,155
27,9,155
27,9,155
27,10,156
27,10,156
27,11,147
27,11,147
27,12,84
27,12,84
27,12,337
27,12,365
27,12,2897
27,13,84
27,13,84
27,13,89
27,13,202
27,13,365
27,13,202
27,13,2897
27,14,89
27,14,89
27,14,365
27,14,2897
27,14,2897
27,15,99
27,16,84
27,17,68
27,18,88
28,7,155
28,8,155
28,9,155
28,10,156
28,11,147
28,12,84
28,12,84
28,13,84
28,13,84
28,13,89
28,14,77
28,14,77
28,15,99
28,16,84
28,17,68
28,18,88
29,7,155
29,7,155
29,8,156
29,9,155
29,10,156
29,11,147
29,12,84
29,13,99
29,14,84
29,14,84
29,15,84
29,15,77
29,16,84
29,16,77
29,17,68
29,18,88
30,7,155
30,7,155
30,8,156
30,9,155
30,10,156
30,11,147
30,12,99
30,13,84
30,14,84
30,15,84
30,16,84
30,17,68
30,18,88
31,7,155
31,7,155
31,8,155
31,9,155
31,10,156
31,11,147
31,12,78
31,13,78
31,14,78
31,15,78
31,16,78
31,17,69
31,18,88
32,7,155
32,8,156
32,9,155
32,10,156
32,11,147
33,8,156
33,9,155
33,10,156
33,11,147
34,8,156
34,9,156
34,10,155
34,11,147
35,8,156
35,9,156
35,10,156
35,11,147
36,8,155
36,9,155
36,10,156
36,11,147
37,8,155
37,9,155
37,10,156
37,11,147
38,8,155
38,9,156
38,10,156
38,11,147
39,8,155
39,9,155
39,10,155
39,11,147
